# Created by Octave 4.2.2, Sat Apr 14 21:21:57 2018 CDT <dale@archlinux>
# name: A
# type: matrix
# rows: 7
# columns: 7
 0.118969610224531 0.1001261567749471 0.1908211361986115 0.1969327787172959 0.1504753012965462 0.08227928364960276 0.1603957331384658
 0.2641401294211838 0.1097026052975398 0.1570626533974805 0.104092606672585 0.0280741127787875 0.2460623405152663 0.09086555191715702
 0.1025130941296204 0.1007273021122775 0.05469818814639147 0.3002842161421294 0.05717951092785527 0.06951835921392453 0.3150793293278015
 0.2306445944297714 0.3196181549461012 0.02436011038822766 0.1662971317369827 0.2205685096487517 0.02861198640714656 0.009899512443018713
 0.1180963567004487 0.1544937056990548 0.2408413398533945 0.0642955870665928 0.1941770396014737 0.07516745320706264 0.152928517871973
 0.03727429024606028 0.1741028419430568 0.1477879034184342 0.1504031866166214 0.1823274507688092 0.130636056800053 0.1774682702069651
 0.1908254442752596 0.120574868878303 0.223599943141695 0.1051909562039826 0.1428000973171745 0.05326106112603131 0.163747629057554


# name: B
# type: matrix
# rows: 7
# columns: 6
 0.5255344933883315 0.5908912414901034 0.2276358251622487 0.3675378835210658 0.8093653127465873 0.6393049454473131
 0.5543731912569663 0.8001647305152729 0.9097346192953083 0.366885213341657 0.2960653812043159 0.2011019297624277
 0.6920818392598764 0.2810694449493648 0.1124958942852647 0.6019490039822719 0.7206023113670431 0.04291939414502459
 0.3547189915127146 0.4335531507797958 0.7988031407682799 0.5169406011417679 0.8548090863766349 0.803202598799389
 0.04216068978084324 0.142218111633298 0.3845766210202193 0.4814733668962383 0.2134263220954534 0.3425323093696962
 0.3244273699757175 0.8465378482935544 0.4334591307799104 0.05162538237833041 0.4337566872394944 0.9864668076596727
 0.5244653630014532 0.9331279006523515 0.2629862445497227 0.5740027814555111 0.7777246549899509 0.3017624842285521


# name: C
# type: matrix
# rows: 7
# columns: 7
 1.000000000000003 5.249599511615342 -2.075239420582621 -7.514444188244789 2.514453959242803 6.350148097855447 1.830484021046962
 -5.828670879282072e-16 -0.4607384040859271 1.354378675282483 1.983396964268932 0.04540629880620817 -0.2260063349178194 0.494469493106251
 7.708677446371937e-17 0.03065107453720638 -0.01242028942675899 -0.07377285387390209 0.007996886729274268 -0.04008337110287565 -0.1064443451616163
 1.110223024625157e-16 0.09214979659853972 -0.2293222043918792 -0.3402782657223187 -0.1514119308726098 0.02816788517136998 0.1091240743833004
 -1.387778780781446e-15 -0.6878989056967009 1.668172541304851 2.897389828829755 0.2054994465244466 -0.7430705799643127 0.04414742278713701
 1.110223024625157e-15 0.4787928915683476 -1.361392883753294 -2.014109629288273 -0.09823922071278701 0.4443050017193306 -0.1862878371600434
 -4.440892098500626e-16 -0.5160781762921196 1.090110143788965 1.990340736042171 0.1182781565659703 -0.526597883127603 0.1018607718557511


# name: D
# type: matrix
# rows: 7
# columns: 7
 1.00000000000003 2.77755930089679 3.565860356335297 2.838274461228977 2.773776969375179 3.782876586666594 2.841220927157184
 -5.286204077833442e-16 -1.468274530282437e-15 -1.884986555664369e-15 -1.500369803095868e-15 -1.466275112651112e-15 -1.999705763837699e-15 -1.501927365116356e-15
 4.976117001867799e-17 1.382146006088814e-16 1.77441383454459e-16 1.412358580248825e-16 1.380263873669675e-16 1.882403649887869e-16 1.413824776168903e-16
 1.967324482661345e-16 5.464360414697822e-16 7.015204380769727e-16 5.583806836088036e-16 5.456919341293812e-16 7.442145723835346e-16 5.589603490645926e-16
 -1.622655277768816e-15 -4.507021258915905e-15 -5.786162126993887e-15 -4.605541034269503e-15 -4.500883838710089e-15 -6.138304658502447e-15 -4.610322132758673e-15
 1.199212161774119e-15 3.330882893684149e-15 4.276223106505353e-15 3.40369325235857e-15 3.326347075723571e-15 4.536471609221008e-15 3.40722669013393e-15
 -6.11149402418034e-16 -1.697503706923675e-15 -2.17927342588041e-15 -1.734609740878404e-15 -1.695192137274495e-15 -2.311902765362392e-15 -1.736410471769673e-15


# name: S
# type: matrix
# rows: 7
# columns: 7
 0.1591353942745406 0.5255344933883315 0.5908912414901034 0.2276358251622487 0.3675378835210658 0.8093653127465873 0.6393049454473131
 0.1591353942745405 0.5543731912569663 0.8001647305152729 0.9097346192953083 0.366885213341657 0.2960653812043159 0.2011019297624277
 0.1591353942745406 0.6920818392598764 0.2810694449493648 0.1124958942852647 0.6019490039822719 0.7206023113670431 0.04291939414502459
 0.1591353942745406 0.3547189915127146 0.4335531507797958 0.7988031407682799 0.5169406011417679 0.8548090863766349 0.803202598799389
 0.1591353942745406 0.04216068978084324 0.142218111633298 0.3845766210202193 0.4814733668962383 0.2134263220954534 0.3425323093696962
 0.1591353942745405 0.3244273699757175 0.8465378482935544 0.4334591307799104 0.05162538237833041 0.4337566872394944 0.9864668076596727
 0.1591353942745405 0.5244653630014532 0.9331279006523515 0.2629862445497227 0.5740027814555111 0.7777246549899509 0.3017624842285521


# name: V1
# type: matrix
# rows: 1
# columns: 7
 0.118969610224531 0.1001261567749471 0.1908211361986115 0.1969327787172959 0.1504753012965462 0.08227928364960276 0.1603957331384658


# name: V2
# type: matrix
# rows: 1
# columns: 7
 0.2641401294211838 0.1097026052975398 0.1570626533974805 0.104092606672585 0.0280741127787875 0.2460623405152663 0.09086555191715702


# name: V3
# type: matrix
# rows: 1
# columns: 7
 0.1025130941296204 0.1007273021122775 0.05469818814639147 0.3002842161421294 0.05717951092785527 0.06951835921392453 0.3150793293278015


# name: V4
# type: matrix
# rows: 1
# columns: 7
 0.2306445944297714 0.3196181549461012 0.02436011038822766 0.1662971317369827 0.2205685096487517 0.02861198640714656 0.009899512443018713


# name: V5
# type: matrix
# rows: 1
# columns: 7
 0.1180963567004487 0.1544937056990548 0.2408413398533945 0.0642955870665928 0.1941770396014737 0.07516745320706264 0.152928517871973


# name: V6
# type: matrix
# rows: 1
# columns: 7
 0.03727429024606028 0.1741028419430568 0.1477879034184342 0.1504031866166214 0.1823274507688092 0.130636056800053 0.1774682702069651


# name: V7
# type: matrix
# rows: 1
# columns: 7
 0.1908254442752596 0.120574868878303 0.223599943141695 0.1051909562039826 0.1428000973171745 0.05326106112603131 0.163747629057554


# name: ans
# type: matrix
# rows: 1
# columns: 7
 0.1472743767957559 0.1583740550905955 0.1406394188252619 0.157051147092078 0.1375124068451989 0.09953425276772501 0.1596143425833848


# name: r
# type: matrix
# rows: 1
# columns: 7
 1.00000000000003 2.77755930089679 3.565860356335297 2.838274461228977 2.773776969375179 3.782876586666594 2.841220927157184


# name: t
# type: matrix
# rows: 1
# columns: 7
 0.05107364826798305 0.1418600867774633 0.1821214976122082 0.1449610315208035 0.1416669093076956 0.1932053082285921 0.1451115182852543


# name: v
# type: matrix
# rows: 7
# columns: 1
 0.1591353942745406
 0.1591353942745405
 0.1591353942745406
 0.1591353942745406
 0.1591353942745406
 0.1591353942745405
 0.1591353942745405


